camera_matrix:
- - 1128.279780479773
  - 0.0
  - 657.1647452423207
- - 0.0
  - 1133.0638693959825
  - 336.36235036801884
- - 0.0
  - 0.0
  - 1.0
dist_coeff:
- - 0.07304057896529516
  - -0.7912847706590753
  - -0.0019166455306344411
  - 0.004519769794303071
  - 0.7964234044124838
