camera_matrix:
- - 901.4420450791055
  - 0.0
  - 627.5448067829051
- - 0.0
  - 904.6686129125102
  - 379.9687810370669
- - 0.0
  - 0.0
  - 1.0
dist_coeff:
- - 0.29006454684316146
  - -1.3425163902593034
  - -0.00108082547346331
  - -0.0019192297824185513
  - 2.3535617456697766
